.Random.seed <-
c(403L, 10L, 1987872812L, 718377007L, 1795879141L, 1379555740L, 
-873438222L, -1877402003L, 1698515879L, 1186100686L, 1544299304L, 
-463345365L, 1529787209L, 1234327640L, 1468513542L, -134784799L, 
-1513664397L, 1250520290L, -1395409836L, 1385709911L, -462823091L, 
-266816284L, 832866506L, -1965578955L, 856083343L, 1861832854L, 
-2141401024L, -99239677L, 714396961L, 1232221712L, 215082478L, 
710285721L, -712305109L, -516972774L, 1904264668L, 427076575L, 
81386421L, 1379173708L, 487814050L, 641514237L, 1871512567L, 
1622113566L, -1515307048L, -1348087493L, 689211097L, 1395833448L, 
-2077373546L, -2030211311L, 2029623491L, -2080495406L, -856076956L, 
40292519L, 1512310269L, -2048862220L, -654286630L, 454046245L, 
2036477759L, 869342406L, 595480912L, -736198285L, 220982161L, 
-1391092288L, 1038014366L, 1237264745L, -1221219941L, -2101330774L, 
-1132762420L, 1501082511L, -2034645051L, 1495403388L, 1677693906L, 
-1252834483L, -145915385L, -1689435666L, -1530110776L, -926321717L, 
272881193L, 960928888L, 803903910L, 1430813633L, 1238382675L, 
-1406914814L, 1310734900L, 1812975543L, 1288556461L, -1904251708L, 
806576362L, -714344619L, 1867131119L, -1480941834L, -421107168L, 
1709146083L, 1214346369L, -1291779344L, -373061234L, 1577150201L, 
135459979L, 1741020346L, 690304956L, 555345151L, 37759061L, -1365599380L, 
1387344834L, -516312035L, 312419479L, -33525250L, -1320382024L, 
560143771L, 1839506425L, -1333097656L, -1747188106L, 916570033L, 
266887651L, -1835964750L, -1315022076L, -1237030841L, 143032093L, 
-763419244L, 1714530618L, 1410233733L, -841064865L, 968976614L, 
-1600345232L, 404753555L, 344135985L, 1129152480L, -1400339330L, 
-522418423L, 335997243L, 1117244682L, 686875884L, 1410560367L, 
-1220479323L, 1356834908L, -519610318L, -1143130323L, 513365479L, 
517097742L, -1831964952L, 335012075L, 842162569L, 1397899544L, 
-1311001530L, 2127641761L, 1792082739L, -1184707934L, -1631813228L, 
-1096404969L, 477906957L, 1531477284L, 1194526986L, 849649781L, 
1600334799L, -1586332458L, -659633024L, 593580739L, 504200289L, 
-267060016L, -2032857554L, -1340256295L, 1965010923L, 581142106L, 
1436270620L, -990233313L, -18678411L, 72854540L, 222997986L, 
760483517L, -1193391817L, -1398977058L, 472924952L, 1229015675L, 
1760127001L, 1439752360L, 1380385366L, 622989009L, -1716265341L, 
1836217618L, -1200029532L, 859496551L, 1327600061L, 1950235444L, 
594481306L, -106367259L, 1997627519L, 1933285894L, 1863681424L, 
-1603454925L, -1353525295L, 170196352L, -827666338L, 1494532009L, 
-1954740645L, 266467946L, 1716389644L, -129879729L, -1405933051L, 
522295484L, -1817489006L, -2131785075L, 1354389703L, -608989778L, 
-1781188600L, -534459381L, 827607273L, 255502264L, 597901414L, 
2124714241L, -1572812909L, 1006630978L, 853512180L, -698463753L, 
1420197357L, -2106110332L, -924872534L, 1545526805L, -1716501841L, 
-1384662858L, -606021920L, -305239517L, -557574847L, -250050512L, 
591278670L, 638432953L, 483529419L, -392567942L, 360559228L, 
294889151L, 314421141L, 770808340L, -1077588440L, 942977338L, 
-1625228336L, -1005732244L, 423154484L, 1864536722L, -855153312L, 
1602002252L, 71226336L, 1008709538L, -315752536L, 427673484L, 
1604897468L, -1211198606L, -533141264L, -1424456636L, -868989608L, 
-1802895302L, 863343472L, 1391522876L, 36281108L, 95888834L, 
-1273799456L, -1668022404L, 630707920L, 50358946L, -920615896L, 
787509516L, -318039108L, -2110087886L, 1886554048L, 1604687412L, 
-1384979512L, 348011706L, -1681719408L, 190710252L, -1038846892L, 
946522770L, -1969444064L, -738039348L, 736007136L, 1110642370L, 
-761899480L, -1686892884L, 1893023420L, 1925202418L, 1669198128L, 
-557733724L, -1147872584L, 86497114L, 109137296L, -1323410052L, 
-454670060L, 1328596290L, -904744192L, 1361830844L, 380924752L, 
746134818L, 682920264L, 1213619212L, -1984449444L, -2108586798L, 
520451072L, -1149761708L, -1214809624L, -957815814L, -2076540208L, 
782486828L, 781386996L, -1851173998L, 389059680L, -1363896052L, 
1531220704L, 1403215202L, -312248664L, 1528430156L, -1487154308L, 
880951090L, 962349680L, 146952516L, -1691105320L, 1787073658L, 
1766369840L, 2012100284L, 368428884L, 228906562L, 1682937760L, 
-1614453572L, -1413787184L, 748204386L, 989548520L, -822324276L, 
-2123303172L, 2123764722L, -244650880L, 1656121588L, -667901816L, 
1795543354L, 598756176L, 1843892332L, 2054155412L, 1925043538L, 
319773408L, -1718706996L, -1276377952L, 1686930818L, 1813263592L, 
-256940820L, -106379204L, 842411122L, 1763486832L, -676490716L, 
780301880L, 679871002L, 1756622032L, 2116841020L, -721459052L, 
-447974270L, -1260432448L, -1480595140L, -1026732400L, 735458338L, 
-304627704L, -1787100020L, 1068022812L, 77156498L, -27181952L, 
1068616724L, -635328728L, -2133684166L, -1614391088L, -311484308L, 
1506530996L, 741833746L, -1873480736L, -1883618356L, -1551259168L, 
184039458L, -803697368L, -1789001460L, -1723243972L, 247179506L, 
529476848L, -1205567676L, 199892056L, 386498106L, -728434448L, 
77104828L, -1647820268L, 1714111682L, 1137400416L, -252935812L, 
-748430128L, 1060917282L, 1459524776L, -2137362036L, 1070830012L, 
1247743026L, -1455091904L, 1860373172L, 291396936L, -2090821958L, 
-773338352L, 670537964L, -31486892L, -347327726L, 590433696L, 
860579788L, -83444896L, 511331522L, -581504472L, 1032936876L, 
-1381092548L, -1775173774L, -2099859664L, -871953372L, -1776233928L, 
47322842L, -1132715120L, 1757257980L, 2075273620L, 973908802L, 
-1520832000L, 1903801404L, 900729424L, -1911876446L, -1804789944L, 
-195754484L, -1827748132L, -930176942L, -109436800L, 434651988L, 
1287631848L, -1622072582L, -287568048L, -181743572L, 854503796L, 
761379474L, 1465692768L, -1911042932L, 790691168L, 2098905314L, 
-1981519704L, 1085416140L, -30112260L, -1041008718L, -2080243728L, 
1083276740L, 1927453016L, 1717636474L, 1618750896L, -1889486404L, 
-682202540L, -1146192446L, 1856068384L, -1167311940L, 126182480L, 
-497096734L, 1897507688L, 2140059468L, -904357124L, 982962930L, 
1385726208L, 1950884980L, -1374381560L, 1707119034L, -44366744L, 
-568039354L, -678339085L, -306800299L, 1526180658L, 202329856L, 
-1702847511L, -456137125L, -519948116L, 702312122L, -1700909969L, 
-1499092487L, -23769970L, 1742693724L, 1432360397L, -888923849L, 
1540064192L, -1465336674L, 162242923L, 1327519981L, -61849254L, 
1572411928L, -1024497791L, -506206925L, 722258772L, 1671060834L, 
-827703817L, -1163954623L, -711609658L, -1097227260L, 1153823669L, 
2119339167L, -46741256L, -126172970L, -371447453L, -1559296731L, 
-1086897470L, -2033094736L, -1857580071L, -296633013L, 1975761852L, 
2116609002L, -1859550177L, -1524940119L, 2029536830L, 632388396L, 
-1783827075L, 1843264455L, 1718045360L, -569575218L, -349769221L, 
592519773L, 628432266L, -1736137304L, -1681822959L, -8017405L, 
-1486586620L, 1903597874L, -768669817L, 1464186321L, -511400106L, 
-1986104012L, 452140101L, 1049822351L, 466539016L, -105574874L, 
1453143763L, -1716246475L, -478541934L, 1740928864L, 400290505L, 
1847121403L, 630211020L, 1841096794L, -683387569L, -215049191L, 
-1508793810L, -354721732L, -1578941011L, 593557079L, -2053290080L, 
-118528770L, -57559093L, 1204978125L, -12020486L, 1141241656L, 
-728488735L, 1856341907L, 1991859124L, -473435966L, -1264786217L, 
1587532065L, 1217968358L, -954831388L, -1766012651L, -213483201L, 
-681882408L, -1452505866L, -1423114493L, 273954885L, -1372448670L, 
229986256L, -602516231L, 1537826347L, 1602029980L, -1317479990L, 
-1067869505L, 272821257L, 2060963102L, -493866804L, -1056107363L, 
407087399L, 1863750480L, 1611927022L, -1087391077L, 67955965L, 
-284773398L, -455400312L, 1296996913L, -1638216541L, 197980324L, 
-2043944622L, -1581835097L, -1385047823L, 1095503926L, 1142812884L, 
-1941093275L, -1739637137L, -850132824L, -490697210L, 1028222771L, 
-1961030763L, 1581694962L, 1123122240L, -2036169303L, -884560869L, 
1780705772L, -1543622150L, -1721199057L, -1003793863L, 1656278094L, 
-139430756L, -846322163L, 48089719L, 1991424640L, 1629204702L, 
